1001 
Tushar 
20 
4000 
4000 
2500 
7000 
5000 
6000 
5600 
6700 

1002 
Ram 
60 
9000 
6000 
5500 
7000 
6000 
6600 
8600 
7700 

1003 
Sam 
45 
8000 
8000 
9500 
7000 
3000 
6000 
10000 
700 

1004 
Gopi 
30 
6000 
4000 
5500 
7770 
5550 
6555 
5620 
8700 

1005 
Rohit 
25 
4000 
5566 
5560 
4560 
5000 
9000 
10000 
7000 

1006 
Ramesh 
75 
3000 
5500 
6500 
5000 
5000 
6000 
5600 
6700 

1007 
Ravi 
80 
5500 
6200 
5500 
5500 
6000 
6600 
6600 
7700 

1008 
Vivek 
42 
9500 
8000 
9500 
7000 
4500 
6000 
1000 
7500 

1009 
Sanjay 
35 
5500 
4000 
5500 
7770 
5550 
6555 
5620 
8700 

1010 
Raja 
30 
6000 
6000 
7000 
7000 
7000 
9000 
7000 
7000 

1011 
Pravin 
26 
6000 
7000 
2500 
7000 
5000 
6000 
5600 
6700 

1012 
Sunil 
45 
5000 
5000 
5500 
7000 
6000 
6600 
8600 
7700 

1013 
Prashik 
20 
8000 
8000 
9500 
7000 
3000 
6000 
10000 
7000 

1014 
Lata 
39 
6000 
6000 
5500 
7000 
5000 
6555 
5620 
8700 

1015 
Rina 
30 
6000 
6000 
5560 
6000 
5000 
9000 
8000 
7000 

1016 
Dilip 
34 
10000 
9500 
7500 
8000 
7000 
6000 
9600 
6700 

1017 
Ravita 
46 
7500 
9200 
6500 
5500 
6000 
6600 
6600 
7700 

1018 
Vaishnavi 
20 
8500 
7000 
9500 
7000 
6500 
6000 
10000 
7500 

1019 
Puja 
19 
12000 
6000 
8500 
7770 
9050 
6555 
6000 
8700 

1020 
Anil 
46 
1000 
8000 
7000 
10000 
7000 
9000 
7400 
7000 

